../../../.git/annex/objects/P0/6M/MD5E-s54701--66639e2b58543410c9c827e7f8722c2a.tsv/MD5E-s54701--66639e2b58543410c9c827e7f8722c2a.tsv